1 590632926550117049 412907384353429085
2 824296325825751113 65537
3 558200895907542331 533802149568675025
4 770430588637874467 58285232757085169
5 488062212542888881 282487868203940947
6 474457701572033363 65537
7 814793048177859990427457 812193566899424926074977
8 588774290253454291025447 208406759973076671546781
9 426188182108814304175849 204633550921009177765039
10 786209221227459025649407 322000742601057992857163
11 775529294266034913618329 470854659488978425387183
12 721694340013503783606307 507063127873236257587723
13 345699040488545351000883540109 218947409785937868208009147727
14 688146821146949108445270544811 187854682239874521586481911849
15 531762705003117273260006686409 287634658056710916565102090375
16 501446899165237657398064316741 11511824359231239482727149663
17 669223748622402563631371923433 65537
18 595128491007340032337642514431 65537
19 1146613001232520542387538405425145469501721067 92227859496344740511364460876050299705403163
20 1113560312799325225730018202628065139504687081 223018540265658463973220054225186021188560139
21 844651073821900648663113544153984179941020981 165647015658439121428429337196601551836681201
22 729627692172964437591212618221653689219296261 91510539255011042169584720946408670475860679
23 1123985830324179397993954677676131507196683763 336598369023212589263615970033750315196008329
24 547763183173599488350126871604478801259265293 209867172879522344699954684938349345600771087
25 976475430140140500416739833451240923207013362410326969911561 65537
26 1041501440042003459387489474978309994276740478103573889302021 65537
27 807306672693749338189003439266711149930881512076655944796743 65537
28 866315004353709138037216394856132506117826558403149477563707 571949850806698933180109667129195993104205825349826983381901
29 752811197194385062004623409377439692812836051035191252305227 39240278058359674781859306401167531269562977657858104911251
30 839813467314517046600278875467379737727294734032456729439539 65537
31 1342397232818935078967319089508862311658241763680590056028575089176094049392405423921489687 596514049100871303833084338284841086124933043449544932104046544896392969124837050399850739
32 1005522690353166835666967157825557712183025763503508865334545850082790886371327845902801583 731641193391817962646952890242509010001560391644333075070117837129462526568786233261147027
33 917468563224627750461605813893510982765608428526746039653076849630536290051173900442151417 876202004867448716315124564223306646407728337582532332424909709642788018566280923601693345
34 980488571548974000875355373838315883097780530944917736465256092979598239992784178524546001 256815624874354842142846194424623338547253859347987593086722640701004144063254207818784523
35 734832328116465196692838283564479145339399316070744350481249855342603693301556011015131519 65537
36 542253983017307021312698185976068627636950932922756900957709964360827419318059464056101567 65537
37 5141947646449956242261101929437604766614160233714273138377528289754414098765139655406559780463733131494649424106623407469072303955341659689937163729001919 2866150028577171297972745843271829405527351625945379894255816263249339059472326210921965710673679623845515041902607575890336246976124124851659396207815149
38 10229108688618132341237900026415405411216017657525788557541649972807450402749740498290399404118526926739543308786022996061042447921009298276543145007909307 65537
39 9655881254295216917590497214702624787898139418910410717077726875005199133688252344273979833467857309867956695660105560327553471750934171099444739178564457 1769244871453841607115570009093350146168080687041946954189215637748209004714930519834648889494688146052117789001806552631847205718058256417315020824323409
40 9687615005632798287306174413906644316312587127442344608213994960027077052569589060760314548224215677682575292344813647568767695692217639081986655289252461 4874143424217860744287200401688703639986982100975150914353182854092706325034107335964781253312664293103223521845853109622646551186284507667734163224417371
41 5619506108985332848597176618511287639468188084222020888672420823440204004143128905875064940715179355253822638636408299508997068336283058667622791064688259 1863934656117853165846590639822807677810132586625258569913472958433841547937155309079241645540954419358513984360442752898337792608716967985357764047413891
42 7434721387496305152520098557631141808240917077146102336518500714397025935187528407108169447874080136518812624102379302442089131682447806706003421013151337 509153437852763964612398099689428436640267089987459569956799116871034552425985464053834938061678620035657142569449577366650640459505647298747688968034585
43 123782636885072955038818387468904252657855457017836857316132991686950032290085408828004103462560504282603999829842909773168680858980883706452355455492497218182464911737478547510558107093628686080793966020075250856689995168635550333955382609489664207487052596216619419412584254388280632977122528847050008317903 65537
44 122700406620738895367176024265897803241150145272656429481511914455786976000298041216218651724946324930586496676224769662856719399101277576256120573551757733567222335504184535395195334388699368379928541510677308211202244429636338896676080538938260837115372440256027788108687448684825394174819076089646865703687 56822717669013730624795596754322585653361668325676531904193808798664572155666386105907862714273056915748485910494644228451922345910283763978019009267170342033820935722143876485579261245906961019885513661876127192158820202051096585231813596668789905207460098738045675996974682100267225280315840659502910609387
45 148327649676034468241097553561655720036535900792928404270206630122965651795843690864127174645255892056756326536930604643201852238586470539192714227021007853982560675364129677836559599828402841200582677747396718407534746707769786799080751197422485133754395766930552563484086632811046781018932342992349390732687 13936213752693639803700057307931763152386799021476431873270389282891037059838439343950574454261132150590237535725950410045425357392930523155831884896980524549409027929824138382362638209834425221589668659333164573931276534243820173617099574741965661304218741459401138624143351862338624340441200017612063974381
46 105756743503391065860469966429280444493373653008552485620084093636372509888120411059958200352403341315806064876376222780052650716927987228970126907616560799763631290757440369532492414401779404679256579750670675024544167348577723643675587269457767105171788775529277290969143696779666384795223614152255844701141 70266630017584825883392129031496284738215183119899652147262026518691826964368760372021486416350320808079096335211215918769981757753569292283151912147075179673162601681385155571149371224807180404361044108976598238199648799757975856524566752497828101328333555745825015240957508300470416280621760981090329930565
47 147419073412640856650776996855686527661596082072432844575390799343703239388138813823674758067367987520946780814285161967625095182372251774203292521006145013142945755088572703943478769144937789527343879704848701538507207762744559419944359660169894084212658758234757089611091132733164551458141651036382134991037 65537
48 72517539512673505810674530270517814421073104751762161043818955330295463578811903248753250088013929841743234348642249935769930638328744003187524956781049002043656587489067579060997413591237526059206733435993016222746018112511748709923473902034741356719560399641821347651870749843321274769417126803801643696301 65537
