1 550769557510601
2 278213461414394
3 745343185530744591
4 376430078003062567
5 210542699252418893
6 13791138586084380938
7 10470162041331331997
8 275196995071522565051
9 96568660672614350450
10 432017999649202589152
11 1012318254749357229924924
12 685174371736356764520381760636
13 979949864224530146028944736057
14 471547228561403609606560026787958080677119969
15 87307090856457635118957710094452611301490375922
16 2773190324744111021707767370202363349021107227080479
17 44860179262660227584395740922486599332540243634748406348820
18 32484325626452476261522888564991224479514307332366420264549
19 4805942064874693708265391858743466106571761957784884979746530
20 808104010889463525307608720613252216916058198042815452216641630719
